      8      8     8     2     2       1.62687591799
     12     12     8     2     2      0.399366133403
     16     16     8     2     2     -0.163313889998
     20     20     8     2     2       0.24400210581
     24     24     8     2     2       1.98014414473
     28     28     8     2     2       5.07595476741
      8      8    10     2     2       2.03681968138
     12     12    10     2     2      0.637568457983
     16     16    10     2     2     -0.161734050619
     20     20    10     2     2      0.212967913355
     24     24    10     2     2       1.98391357796
     28     28    10     2     2       5.15218407827
      8      8    12     2     2       2.56009626423
     12     12    12     2     2      0.870346051214
     16     16    12     2     2     -0.154494310874
     20     20    12     2     2      0.210675276278
     24     24    12     2     2       1.99147805573
     28     28    12     2     2       5.17630506344

      8      8     8     8     8      0.896914388179
     12     12     8     8     8      0.346867193337
     16     16     8     8     8      0.105976301414
     20     20     8     8     8       1.18452032352
     24     24     8     8     8       3.56081881645
     28     28     8     8     8        6.7209080256
      8      8    10     8     8       1.64138390125
     12     12    10     8     8      0.422168202846
     16     16    10     8     8     0.0810307683148
     20     20    10     8     8       1.24790483947
     24     24    10     8     8       3.85883653479
     28     28    10     8     8        7.6824530676
      8      8    12     8     8       2.27853149681
     12     12    12     8     8      0.481988072182
     16     16    12     8     8     0.0703940219049
     20     20    12     8     8       1.26780817983
     24     24    12     8     8       4.00905454556
     28     28    12     8     8       8.13282942566

      8      8     8    20    20       1.08099729243
     12     12     8    20    20      0.181415661246
     16     16     8    20    20      0.490563765681
     20     20     8    20    20         2.151912167
     24     24     8    20    20       4.70550838202
     28     28     8    20    20       7.03245205622
      8      8    10    20    20       1.86639807657
     12     12    10    20    20      0.187331427242
     16     16    10    20    20      0.416055210082
     20     20    10    20    20       2.27704022595
     24     24    10    20    20       5.54989464095
     28     28    10    20    20       9.27247738193
      8      8    12    20    20       2.87501509374
     12     12    12    20    20      0.200430329557
     16     16    12    20    20      0.382580474878
     20     20    12    20    20       2.28896370459
     24     24    12    20    20       5.76699136372
     28     28    12    20    20       10.1778082813

      8      8     8    28    28      0.620798890367
     12     12     8    28    28      0.271406375959
     16     16     8    28    28      0.253124381232
     20     20     8    28    28       1.15343813698
     24     24     8    28    28       2.42749052689
     28     28     8    28    28       2.95847010202
      8      8    10    28    28        1.3907062397
     12     12    10    28    28      0.320281947581
     16     16    10    28    28      0.166059492529
     20     20    10    28    28       1.28192735664
     24     24    10    28    28       3.50463393249
     28     28    10    28    28       5.69433715171
      8      8    12    28    28       3.69447160216
     12     12    12    28    28      0.369101931967
     16     16    12    28    28      0.133438127592
     20     20    12    28    28       1.29929413336
     24     24    12    28    28       3.80929818459
     28     28    12    28    28       6.91965906842

      8      8     8     6     8      0.854045615256
     12     12     8     6     8      0.391535855137
     16     16     8     6     8      0.093443187553
     20     20     8     6     8      0.989263047552
     24     24     8     6     8        3.0860943557
     28     28     8     6     8       5.99239790802
      8      8    10     6     8       1.54123477447
     12     12    10     6     8       0.50999628973
     16     16    10     6     8     0.0744654168381
     20     20    10     6     8       1.05908336875
     24     24    10     6     8       3.42299764488
     28     28    10     6     8       6.93052362105
      8      8    12     6     8       2.21232816492
     12     12    12     6     8      0.586776445368
     16     16    12     6     8      0.068871469261
     20     20    12     6     8       1.08632790787
     24     24    12     6     8       3.59036447706
     28     28    12     6     8       7.41298428875

      8      8     8     8    14      0.827260242787
     12     12     8     8    14      0.282008455742
     16     16     8     8    14       0.24425946451
     20     20     8     8    14        1.4504681307
     24     24     8     8    14       3.87010456802
     28     28     8     8    14       6.89826716726
      8      8    10     8    14       1.46804297754
     12     12    10     8    14      0.356785614429
     16     16    10     8    14      0.227673132131
     20     20    10     8    14       1.54845882243
     24     24    10     8    14       4.23549469645
     28     28    10     8    14       7.99986223837
      8      8    12     8    14       2.12957723632
     12     12    12     8    14      0.414046579636
     16     16    12     8    14      0.222365011966
     20     20    12     8    14       1.61960146261
     24     24    12     8    14       4.49050351149
     28     28    12     8    14       8.59018378154

      8      8     8    14    20       1.09849961569
     12     12     8    14    20      0.254184300275
     16     16     8    14    20      0.312954320976
     20     20     8    14    20       1.64461965781
     24     24     8    14    20       4.08489798869
     28     28     8    14    20        6.7464529651
      8      8    10    14    20       1.84319660792
     12     12    10    14    20      0.303203171143
     16     16    10    14    20      0.265467205566
     20     20    10    14    20       1.70642981883
     24     24    10    14    20       4.58051519766
     28     28    10    14    20       8.27758418061
      8      8    12    14    20       2.76188051541
     12     12    12    14    20      0.342004086179
     16     16    12    14    20      0.243084828754
     20     20    12    14    20       1.74646910645
     24     24    12    14    20       4.78074330994     
     28     28    12    14    20       8.90720255441

-------------------------------------------------------

      8  4.398    12     6     8       5.26218244424
     12  9.302    12     6     8       1.80560078374
     16  17.26    12     6     8      0.223628862884
     20  26.16    12     6     8       5.71534577229
     24  37.38    12     6     8       23.3974444423
     28   50.3    12     6     8       57.8713663451

      8  14.55    12     6     8      0.170299217962
     12  15.48    12     6     8     0.0726519595082
     16  14.83    12     6     8     0.0635739030637
     20  15.29    12     6     8     0.0411076321566
     24  15.41    12     6     8     0.0350778544349
     28  15.59    12     6     8      0.032893875092

------------------------------------------------------

      8   4.36    12     8     8       5.39517920132
     12  9.526    12     8     8       1.52174699108
     16  17.27    12     8     8      0.276095601206
     20  26.72    12     8     8       6.89137136523
     24  38.31    12     8     8       26.9927849786
     28  51.67    12     8     8       65.8175086627

      8  14.68    12     8     8      0.149574410363
     12  15.12    12     8     8     0.0461271155726
     16  14.82    12     8     8     0.0242499198217
     20  14.97    12     8     8     0.0154632293111
     24  15.04    12     8     8     0.0126238596356
     28  15.17    12     8     8     0.0134937406025

------------------------------------------------------

      8  4.447    12     8    14       5.08182453812
     12  9.687    12     8    14       1.25740491588
     16  18.33    12     8    14       0.8676629703
     20  27.74    12     8    14       9.06946091732
     24  39.35    12     8    14       31.1230911599
     28  52.53    12     8    14       70.8965033198

      8  14.39    12     8    14      0.235505567251
     12  14.87    12     8    14      0.146081492922
     16  13.96    12     8    14      0.118857845783
     20  14.42    12     8    14     0.0822886377865
     24  14.64    12     8    14     0.0617475770359
     28  14.93    12     8    14      0.049486248664

------------------------------------------------------

      8   4.11    12    14    20       6.25474346874
     12  9.878    12    14    20       1.04633279707
     16  18.45    12    14    20      0.983656952463
     20  28.09    12    14    20       9.93387423686
     24  39.96    12    14    20       33.7709574403
     28  53.12    12    14    20       74.5764777886

      8  15.57    12    14    20      0.257483519219
     12  14.58    12    14    20      0.129968476032
     16  13.88    12    14    20      0.107553924654
     20  14.24    12    14    20     0.0822431943111
     24  14.41    12    14    20     0.0670249297731
     28  14.76    12    14    20     0.0582083209866

------------------------------------------------------

      8  4.057    12    20    20       6.45908405631
     12  10.34    12    20    20      0.615385378367
     16  19.12    12    20    20       1.73367028367
     20  29.49    12    20    20       13.8800936731
     24  41.96    12    20    20       43.3992284707
     28  55.42    12    20    20       90.1570036112

      8  15.78    12    20    20      0.273926068523
     12  13.93    12    20    20      0.106544031268
     16  13.39    12    20    20     0.0768534197621
     20  13.57    12    20    20     0.0637986553431
     24  13.73    12    20    20     0.0550427157588
     28  14.14    12    20    20     0.0516176760131

------------------------------------------------------

      8   3.72    12    28    28       7.79279152006
     12  9.803    12    28    28       1.15464812773
     16  17.78    12    28    28      0.495050603404
     20  26.82    12    28    28       7.00168302799
     24  37.87    12    28    28       25.1482018872
     28  49.34    12    28    28       52.5240121979

      8  17.21    12    28    28      0.625523213936
     12  14.69    12    28    28     0.0960785775055
     16   14.4    12    28    28     0.0808737494641
     20  14.92    12    28    28     0.0655421616881
     24  15.21    12    28    28     0.0674405612007
     28  15.89    12    28    28     0.0859507113249
