     8    12     8     8           0d5/2n       14.64456812       2.644568122      -5.355431878      -13.35543188      0.9760940264
    12    12     8     8           0d5/2n       18.65649187      0.6564918723      -11.34350813      -23.34350813      0.9751093324
    16    12     8     8           0d5/2n       24.09721837     0.09721837459      -15.90278163      -31.90278163      0.9749932503
    20    12     8     8           0d5/2n       31.08654845       1.086548454      -18.91345155      -38.91345155      0.9750428495
    24    12     8     8           0d5/2n        39.5607388       3.560738801       -20.4392612       -44.4392612       0.975158804
    28    12     8     8           0d5/2n        49.3518365         7.3518365       -20.6481635       -48.6481635      0.9753136592
     8    12     8     8           0d5/2p       14.60395501       2.603955008      -5.396044992      -13.39604499      0.9762731718
    12    12     8     8           0d5/2p       18.64475299      0.6447529917      -11.35524701      -23.35524701      0.9754241605
    16    12     8     8           0d5/2p       24.11409675      0.1140967547      -15.88590325      -31.88590325      0.9753064821
    20    12     8     8           0d5/2p       31.12972124       1.129721242      -18.87027876      -38.87027876      0.9753690859
    24    12     8     8           0d5/2p       39.62456833       3.624568328      -20.37543167      -44.37543167      0.9754992732
    28    12     8     8           0d5/2p       49.42919331       7.429193307      -20.57080669      -48.57080669      0.9756595341
     8    12     8    14           1s1/2n       14.30555309       2.305553086      -5.694446914      -13.69444691      0.9703932218
    12    12     8    14           1s1/2n       18.46036796      0.4603679608      -11.53963204      -23.53963204      0.9706079005
    16    12     8    14           1s1/2n       24.29036839      0.2903683893      -15.70963161      -31.70963161      0.9705221885
    20    12     8    14           1s1/2n       31.67485961       1.674859614      -18.32514039      -38.32514039      0.9702670918
    24    12     8    14           1s1/2n       40.46945319       4.469453189      -19.53054681      -43.53054681      0.9699051886
    28    12     8    14           1s1/2n       50.39705401        8.39705401      -19.60294599      -47.60294599      0.9694810817
     8    12     8    14           0d5/2p       13.80459113       1.804591134      -6.195408866      -14.19540887     0.09502136994
    12    12     8    14           0d5/2p       18.48988161      0.4898816112      -11.51011839      -23.51011839       0.938353311
    16    12     8    14           0d5/2p       24.16786554      0.1678655359      -15.83213446      -31.83213446      0.9385333761
    20    12     8    14           0d5/2p       31.43163809       1.431638088      -18.56836191      -38.56836191      0.9385611279
    24    12     8    14           0d5/2p       40.19039211       4.190392114      -19.80960789      -43.80960789      0.9388826596
    28    12     8    14           0d5/2p       50.19939419       8.199394191      -19.80060581      -47.80060581      0.9395275311
     8    13.3	 12     8     8           0d5/2n       20.24045474      0.2904547384      -13.00954526      -26.30954526      0.9760888882
     8    4.81	 12     8     8           0d5/2n       12.58868946       5.373689461      0.5636894609      -4.246310539      0.9760958443
    12    14.77	 12     8     8           0d5/2n       22.27942889       0.124428892      -14.64557111      -29.41557111      0.9751067074
    12    9.74	 12     8     8           0d5/2n       16.25599889       1.645998893      -8.094001107      -17.83400111      0.9751110688
    16    17.2	 12     8     8           0d5/2n       26.03310292      0.2331029181      -16.96689708      -34.16689708      0.9749919081
    16    14.9	 12     8     8           0d5/2n       22.44561133     0.09561132972      -14.80438867      -29.70438867      0.9749943944
    20    24.67	 12     8     8           0d5/2n       41.22713935       4.222139353      -20.44786065      -45.11786065      0.9750365259
    20    16.21	 12     8     8           0d5/2n       24.41549091       0.100490905      -16.10950909      -32.31950909      0.9750469857
    24    33.86	 12     8     8           0d5/2n       67.16676654       16.37676654      -17.48323346      -51.34323346      0.9751438876
    24    17.01	 12     8     8           0d5/2n       25.68994964       0.174949638      -16.83505036      -33.84505036      0.9751661746
    28    44.15	 12     8     8           0d5/2n       105.1565754       38.93157536       -5.21842464      -49.36842464      0.9752876466
    28    17.75	 12     8     8           0d5/2n       26.89747062      0.2724706204      -17.47752938      -35.22752938      0.9753237505
     8    13.3	 12     8     8           0d5/2p       20.25108756      0.3010875601      -12.99891244      -26.29891244      0.9762641739
     8    4.81	 12     8     8           0d5/2p       12.53456217       5.319562168      0.5095621683      -4.300437832      0.9762761284
    12    14.77	 12     8     8           0d5/2p       22.29067149       0.135671495      -14.63432851      -29.40432851       0.975419841
    12    9.74	 12     8     8           0d5/2p       16.22903297       1.619032967      -8.120967033      -17.86096703      0.9754270203
    16    17.2	 12     8     8           0d5/2p       26.06100494      0.2610049402      -16.93899506      -34.13899506      0.9753043329
    16    14.9	 12     8     8           0d5/2p       22.45307677      0.1030767661      -14.79692323      -29.69692323      0.9753083147
    20    24.67  12	8     8           0d5/2p       41.31798492       4.312984922      -20.35701508      -45.02701508      0.9753591578
    20    16.21	 12     8     8           0d5/2p       24.42730225      0.1123022459      -16.09769775      -32.30769775      0.9753755967
    24    33.86	 12     8     8           0d5/2p       67.33489247       16.54489247      -17.31510753      -51.17510753      0.9754760376
    24    17.01	 12     8     8           0d5/2p        25.7013768      0.1863767953       -16.8236232       -33.8336232      0.9755108385
    28    44.15	 12     8     8           0d5/2p       105.3997746       39.17477457      -4.975225431      -49.12522543      0.9756191416
    28    17.75	 12     8     8           0d5/2p       26.90802904      0.2830290379      -17.46697096      -35.21697096      0.9756754507
     8    12.5	 12     8    14           1s1/2n       19.19856723      0.4485672338      -12.05143277      -24.55143277      0.9703808113
     8    5.10	 12     8    14           1s1/2n       12.29053366       4.640533663     -0.4594663367      -5.559466337      0.9703983327
    12    14.33	 12     8    14           1s1/2n       21.68926191       0.194261908      -14.13573809      -28.46573809      0.9706007324
    12    10.04	 12     8    14           1s1/2n       16.18676614       1.126766138      -8.913233862      -18.95323386      0.9706129472
    16    17.78	 12     8    14           1s1/2n       27.41679477      0.7467947665      -17.03320523      -34.81320523      0.9705156008
    16    14.4	 12     8    14           1s1/2n       21.76129604      0.1612960391      -14.23870396      -28.63870396      0.9705275166
    20    25.5	 12     8    14           1s1/2n       44.60009972        6.35009972      -19.14990028      -44.64990028      0.9702428926
    20    15.6	 12     8    14           1s1/2n       23.58459622      0.1845962223      -15.41540378      -31.01540378      0.9702822265
    24    35.01	 12     8    14           1s1/2n       73.55161211       21.03661211      -13.97338789      -48.98338789      0.9698512191
    24    16.45	 12     8    14           1s1/2n       24.91949496      0.2444949591      -16.20550504      -32.65550504      0.9699305053
    28    45.35	 12     8    14           1s1/2n       113.7393558       45.71435576      0.3643557607      -44.98564424      0.9693904875
    28    17.28	 12     8    14           1s1/2n       26.23965119      0.3196511908      -16.96034881      -34.24034881       0.969515513
     8    12.5	 12     8    14           0d5/2p       19.20413138      0.4541313837      -12.04586862      -24.54586862      0.9372046177
     8    5.10	 12     8    14           0d5/2p         12.406362       4.756362003     -0.3436379971      -5.443637997      0.9371975237
    12    14.33	 12     8    14           0d5/2p       21.62379237      0.1287923659      -14.20120763      -28.53120763      0.9383564181
    12    10.04	 12     8    14           0d5/2p       16.28316121       1.223161205      -8.816838795      -18.85683879      0.9383511213
    16    17.78	 12     8    14           0d5/2p       27.20539653      0.5353965343      -17.24460347      -35.02460347      0.9385363321
    16    14.4	 12     8    14           0d5/2p       21.71070353      0.1107035279      -14.28929647      -28.68929647      0.9385309825
    20    25.5	 12     8    14           0d5/2p       44.06710695       5.817106951      -19.68289305      -45.18289305      0.9385731335
    20    15.6	 12     8    14           0d5/2p       23.52274251      0.1227425078      -15.47725749      -31.07725749      0.9385535865
    24    35.01	 12     8    14           0d5/2p       72.77221097       20.25721097      -14.75278903      -49.76278903      0.9389122925
    24    16.45	 12     8    14           0d5/2p       24.87557043      0.2005704298      -16.24942957      -32.69942957      0.9388686156
    28    45.35	 12     8    14           0d5/2p       113.0686999        45.0436999     -0.3063001038       -45.6563001      0.9395806242
    28    17.28	 12     8    14           0d5/2p       26.22224727      0.3022472739      -16.97775273      -34.25775273      0.9395069773