      8   12.5      0    12     8    14       0d5/2p     5     1    -1      -154.8774313       -12.8865796      -167.7640109      0.9372057477
      8   12.5      0    12     8    14       1s1/2p     1     1    -1      -154.8774313      -10.75779854      -165.6352298      0.8917547958
      8   12.5      0    12     8    14       0d3/2p     3     1    -1      -154.8774313      -8.043295972      -162.9207272      0.8580397526
      8   12.5      0    12     8    14       1p3/2p     3    -1    -1      -154.8774313      -4.985688102      -159.8631194      0.5129774086
      8   12.5      0    12     8    14       1p1/2p     1    -1    -1      -154.8774313      -2.432130536      -157.3095618      0.6219871545
      8   12.5      0    12     8    14       1d5/2p     5     1    -1      -154.8774313      -1.906527177      -156.7839584     0.09503691203
      8   12.5      0    12     8    14       2p3/2p     3    -1    -1      -154.8774313       -1.33204605      -156.2094773      0.3726223006
      8   12.5      0    12     8    14       1d3/2p     3     1    -1      -154.8774313      -1.207956964      -156.0853882     0.05638168199
      8   12.5      0    12     8    14       2s1/2p     1     1    -1      -154.8774313      0.8631419616      -154.0142893     0.09701137772
      8   12.5      0    12     8    14       2p1/2p     1    -1    -1      -154.8774313       2.156795142      -152.7206361      0.2664298773
     12  14.33      0    12     8    14       0d5/2p     5     1    -1      -158.4060843      -13.23688018      -171.6429644      0.9383545276
     12  14.33      0    12     8    14       1s1/2p     1     1    -1      -158.4060843       -10.6621997       -169.068284      0.8933556002
     12  14.33      0    12     8    14       0d3/2p     3     1    -1      -158.4060843       -8.44774718      -166.8538314      0.8699942088
     12  14.33      0    12     8    14       1p3/2p     3    -1    -1      -158.4060843      -4.340380461      -162.7464647      0.5686180895
     12  14.33      0    12     8    14       1p1/2p     1    -1    -1      -158.4060843      -1.873073107      -160.2791574      0.6723158581
     12  14.33      0    12     8    14       1d5/2p     5     1    -1      -158.4060843     -0.9334380478      -159.3395223     0.08946145484
     12  14.33      0    12     8    14       1d3/2p     3     1    -1      -158.4060843     -0.2820586395      -158.6881429     0.05597436263
     12  14.33      0    12     8    14       2p3/2p     3    -1    -1      -158.4060843     -0.1402307934       -158.546315      0.3811841893
     12  14.33      0    12     8    14       2s1/2p     1     1    -1      -158.4060843       1.520726187      -156.8853581     0.07679324803
     12  14.33      0    12     8    14       2p1/2p     1    -1    -1      -158.4060843       3.164520473      -155.2415638      0.2017073618
     16   14.4      0    12     8    14       0d5/2p     5     1    -1      -158.3190584      -13.34652326      -171.6655817      0.9385292136
     16   14.4      0    12     8    14       1s1/2p     1     1    -1      -158.3190584      -10.72284726      -169.0419057      0.8933842708
     16   14.4      0    12     8    14       0d3/2p     3     1    -1      -158.3190584      -8.516122155      -166.8351806      0.8705259616
     16   14.4      0    12     8    14       1p3/2p     3    -1    -1      -158.3190584      -4.365235667      -162.6842941      0.5701240668
     16   14.4      0    12     8    14       1p1/2p     1    -1    -1      -158.3190584      -1.850837718      -160.1698961      0.6690727166
     16   14.4      0    12     8    14       1d5/2p     5     1    -1      -158.3190584      -0.857986842      -159.1770453     0.08933589346
     16   14.4      0    12     8    14       1d3/2p     3     1    -1      -158.3190584     -0.2049940933      -158.5240525     0.05562130654
     16   14.4      0    12     8    14       2p3/2p     3    -1    -1      -158.3190584    -0.07008420425      -158.3891426      0.3740702606
     16   14.4      0    12     8    14       2s1/2p     1     1    -1      -158.3190584       1.593799983      -156.7252584     0.07503535159
     16   14.4      0    12     8    14       2p1/2p     1    -1    -1      -158.3190584       3.240990506      -155.0780679      0.1916342215
     20   15.6      0    12     8    14       0d5/2p     5     1    -1      -157.8400168      -13.35887986      -171.1988967      0.9385502834
     20   15.6      0    12     8    14       1s1/2p     1     1    -1      -157.8400168      -10.71708951      -168.5571064      0.8929960432
     20   15.6      0    12     8    14       0d3/2p     3     1    -1      -157.8400168       -8.53326787      -166.3732847      0.8704321658
     20   15.6      0    12     8    14       1p3/2p     3    -1    -1      -157.8400168      -4.344584414      -162.1846013      0.5591848336
     20   15.6      0    12     8    14       1p1/2p     1    -1    -1      -157.8400168      -1.712867792      -159.5528846      0.6552704606
     20   15.6      0    12     8    14       1d5/2p     5     1    -1      -157.8400168     -0.7840349055      -158.6240518     0.09055191817
     20   15.6      0    12     8    14       1d3/2p     3     1    -1      -157.8400168     -0.1281841743       -157.968201     0.05578340966
     20   15.6      0    12     8    14       2p3/2p     3    -1    -1      -157.8400168    0.004210114531      -157.8358067      0.3665864835
     20   15.6      0    12     8    14       2s1/2p     1     1    -1      -157.8400168        1.68171416      -156.1583027     0.07468730763
     20   15.6      0    12     8    14       2p1/2p     1    -1    -1      -157.8400168       3.306271778      -154.5337451      0.1810200763
     24  16.45      0    12     8    14       0d5/2p     5     1    -1      -157.5331162      -13.39724485       -170.930361      0.9388644458
     24  16.45      0    12     8    14       1s1/2p     1     1    -1      -157.5331162      -10.70382148      -168.2369377      0.8926344863
     24  16.45      0    12     8    14       0d3/2p     3     1    -1      -157.5331162      -8.547919168      -166.0810354      0.8708091747
     24  16.45      0    12     8    14       1p3/2p     3    -1    -1      -157.5331162      -4.262494384      -161.7956106      0.5430003003
     24  16.45      0    12     8    14       1p1/2p     1    -1    -1      -157.5331162      -1.449633491      -158.9827497      0.6397344388
     24  16.45      0    12     8    14       1d5/2p     5     1    -1      -157.5331162     -0.6263879256      -158.1595041     0.09262055996
     24  16.45      0    12     8    14       1d3/2p     3     1    -1      -157.5331162     0.03843524326       -157.494681     0.05743771922
     24  16.45      0    12     8    14       2p3/2p     3    -1    -1      -157.5331162      0.1719710531      -157.3611451       0.364310858
     24  16.45      0    12     8    14       2s1/2p     1     1    -1      -157.5331162       1.862990287      -155.6701259     0.07451949215
     24  16.45      0    12     8    14       2p1/2p     1    -1    -1      -157.5331162       3.461671983      -154.0714442      0.1711969334
     28  17.28      0    12     8    14       0d5/2p     5     1    -1      -157.1002249      -13.45982786      -170.5600527      0.9395022691
     28  17.28      0    12     8    14       1s1/2p     1     1    -1      -157.1002249      -10.65358517        -167.75381      0.8923335674
     28  17.28      0    12     8    14       0d3/2p     3     1    -1      -157.1002249      -8.548486981      -165.6487118      0.8718625682
     28  17.28      0    12     8    14       1p3/2p     3    -1    -1      -157.1002249      -4.120307979      -161.2205328      0.5213614198
     28  17.28      0    12     8    14       1p1/2p     1    -1    -1      -157.1002249      -1.038534004      -158.1387589      0.6234313086
     28  17.28      0    12     8    14       1d5/2p     5     1    -1      -157.1002249     -0.3575826171      -157.4578075     0.09570303212
     28  17.28      0    12     8    14       1d3/2p     3     1    -1      -157.1002249      0.3232161164      -156.7770087     0.06128001527
     28  17.28      0    12     8    14       2p3/2p     3    -1    -1      -157.1002249      0.4479078215       -156.652317      0.3683938951
     28  17.28      0    12     8    14       2s1/2p     1     1    -1      -157.1002249        2.15938187       -154.940843     0.07373734324
     28  17.28      0    12     8    14       2p1/2p     1    -1    -1      -157.1002249       3.705405821       -153.394819      0.1609343963
      8   12.5      1    12     8    14       0d5/2p     5     1    -1      -155.4991975      -12.01541945      -167.5146169      0.9375743069
      8   12.5      1    12     8    14       1s1/2p     1     1    -1      -155.4991975       -9.87812648      -165.3773239      0.8944528983
      8   12.5      1    12     8    14       0d3/2p     3     1    -1      -155.4991975      -7.194347046      -162.6935445      0.8620108774
      8   12.5      1    12     8    14       1d5/2p     5     1    -1      -155.4991975     -0.8189719917      -156.3181695     0.09304193846
      8   12.5      1    12     8    14       1d3/2p     3     1    -1      -155.4991975     -0.1260348994      -155.6252324     0.05500878701
      8   12.5      1    12     8    14       2s1/2p     1     1    -1      -155.4991975       1.963309051      -153.5358884     0.09774628295
      8   12.5      1    12     8    14       1p3/2p     3    -1    -1      -155.4991975       3.631323245      -151.8678742      0.8765981138
      8   12.5      1    12     8    14       1p1/2p     1    -1    -1      -155.4991975       4.368801653      -151.1303958      0.8679608185
      8   12.5      1    12     8    14       2p3/2p     3    -1    -1      -155.4991975       8.204166492       -147.295031      0.1159028575
      8   12.5      1    12     8    14       2p1/2p     1    -1    -1      -155.4991975       9.499690231      -145.9995072      0.2776810378
     12  14.33      1    12     8    14       0d5/2p     5     1    -1      -159.2396627      -12.30313454      -171.5427972      0.9400863759
     12  14.33      1    12     8    14       1s1/2p     1     1    -1      -159.2396627      -9.663815346       -168.903478      0.8970715406
     12  14.33      1    12     8    14       0d3/2p     3     1    -1      -159.2396627      -7.463608051      -166.7032707      0.8756970413
     12  14.33      1    12     8    14       1d5/2p     5     1    -1      -159.2396627      0.3960195828      -158.8436431     0.09240375672
     12  14.33      1    12     8    14       1d3/2p     3     1    -1      -159.2396627       1.075770871      -158.1638918     0.06440262512
     12  14.33      1    12     8    14       2s1/2p     1     1    -1      -159.2396627       2.897474649       -156.342188     0.07938505845
     12  14.33      1    12     8    14       1p3/2p     3    -1    -1      -159.2396627       4.063154292      -155.1765084      0.8954123842
     12  14.33      1    12     8    14       1p1/2p     1    -1    -1      -159.2396627         4.8330331      -154.4066296      0.8826244411
     12  14.33      1    12     8    14       2p3/2p     3    -1    -1      -159.2396627       9.317459937      -149.9222027     0.09742866023
     12  14.33      1    12     8    14       2p1/2p     1    -1    -1      -159.2396627         10.428088      -148.8115747      0.2751938681
     16   14.4      1    12     8    14       0d5/2p     5     1    -1      -159.1799222      -12.40576207      -171.5856842      0.9402105037
     16   14.4      1    12     8    14       1s1/2p     1     1    -1      -159.1799222      -9.718347475      -168.8982696      0.8970790888
     16   14.4      1    12     8    14       0d3/2p     3     1    -1      -159.1799222      -7.525659862       -166.705582      0.8761388822
     16   14.4      1    12     8    14       1d5/2p     5     1    -1      -159.1799222      0.4674264175      -158.7124958      0.0920411599
     16   14.4      1    12     8    14       1d3/2p     3     1    -1      -159.1799222       1.148943331      -158.0309788     0.06412016724
     16   14.4      1    12     8    14       2s1/2p     1     1    -1      -159.1799222       2.965358428      -156.2145637     0.07742186153
     16   14.4      1    12     8    14       1p3/2p     3    -1    -1      -159.1799222       4.153848427      -155.0260737      0.8907182349
     16   14.4      1    12     8    14       1p1/2p     1    -1    -1      -159.1799222       4.996007654      -154.1839145      0.8751244083
     16   14.4      1    12     8    14       2p3/2p     3    -1    -1      -159.1799222       9.617944711      -149.5619775     0.08996319379
     16   14.4      1    12     8    14       2p1/2p     1    -1    -1      -159.1799222       10.82001487      -148.3599073       0.251328285
     20   15.6      1    12     8    14       0d5/2p     5     1    -1      -158.7649258      -12.34614313       -171.111069      0.9408652541
     20   15.6      1    12     8    14       1s1/2p     1     1    -1      -158.7649258      -9.611145069      -168.3760709       0.897326144
     20   15.6      1    12     8    14       0d3/2p     3     1    -1      -158.7649258      -7.431476885      -166.1964027      0.8772763603
     20   15.6      1    12     8    14       1d5/2p     5     1    -1      -158.7649258      0.6721885058      -158.0927373     0.09422207984
     20   15.6      1    12     8    14       1d3/2p     3     1    -1      -158.7649258       1.369614128      -157.3953117      0.0674628304
     20   15.6      1    12     8    14       2s1/2p     1     1    -1      -158.7649258        3.19089769      -155.5740281     0.07661961148
     20   15.6      1    12     8    14       1p3/2p     3    -1    -1      -158.7649258       4.848576804       -153.916349      0.8861562815
     20   15.6      1    12     8    14       1p1/2p     1    -1    -1      -158.7649258       5.757856483      -153.0070694      0.8645256264
     20   15.6      1    12     8    14       2p3/2p     3    -1    -1      -158.7649258       10.62815494      -148.1367709     0.07988594848
     20   15.6      1    12     8    14       2p1/2p     1    -1    -1      -158.7649258       11.87492608      -146.8899998      0.2492591873
     24  16.45      1    12     8    14       0d5/2p     5     1    -1      -158.4905326      -12.32548153      -170.8160142      0.9414770629
     24  16.45      1    12     8    14       1s1/2p     1     1    -1      -158.4905326      -9.525225131      -168.0157578      0.8973269871
     24  16.45      1    12     8    14       0d3/2p     3     1    -1      -158.4905326      -7.365174165      -165.8557068      0.8781875055
     24  16.45      1    12     8    14       1d5/2p     5     1    -1      -158.4905326      0.8934191289      -157.5971135     0.09615070014
     24  16.45      1    12     8    14       1d3/2p     3     1    -1      -158.4905326       1.605445217      -156.8850874     0.07005510739
     24  16.45      1    12     8    14       2s1/2p     1     1    -1      -158.4905326        3.43587791      -155.0546547     0.07575893291
     24  16.45      1    12     8    14       1p3/2p     3    -1    -1      -158.4905326       5.628276043      -152.8622566      0.8779942327
     24  16.45      1    12     8    14       1p1/2p     1    -1    -1      -158.4905326       6.602181751      -151.8883509      0.8509188624
     24  16.45      1    12     8    14       2p3/2p     3    -1    -1      -158.4905326       11.70643162       -146.784101     0.07042172026
     24  16.45      1    12     8    14       2p1/2p     1    -1    -1      -158.4905326       12.95657809      -145.5339545      0.2593390182
     28  17.28      1    12     8    14       0d5/2p     5     1    -1      -158.0829366      -12.32891068      -170.4118473      0.9422594293
     28  17.28      1    12     8    14       1s1/2p     1     1    -1      -158.0829366      -9.409371083      -167.4923077      0.8972057774
     28  17.28      1    12     8    14       0d3/2p     3     1    -1      -158.0829366      -7.292432146      -165.3753687      0.8793504618
     28  17.28      1    12     8    14       1d5/2p     5     1    -1      -158.0829366       1.210284542       -156.872652     0.09846823617
     28  17.28      1    12     8    14       1d3/2p     3     1    -1      -158.0829366       1.940525064      -156.1424115     0.07349175186
     28  17.28      1    12     8    14       2s1/2p     1     1    -1      -158.0829366        3.77924978      -154.3036868     0.07446691518
     28  17.28      1    12     8    14       1p3/2p     3    -1    -1      -158.0829366       6.577323116      -151.5056135      0.8692479556
     28  17.28      1    12     8    14       1p1/2p     1    -1    -1      -158.0829366       7.608198874      -150.4747377      0.8367120458
     28  17.28      1    12     8    14       2p3/2p     3    -1    -1      -158.0829366       12.91319699      -145.1697396     0.05440345748
     28  17.28      1    12     8    14       2p1/2p     1    -1    -1      -158.0829366       14.10363452      -143.9793021      0.2714279375
      8   12.5      4    12     8    14       0d5/2p     5     1    -1      -157.5735694      -9.474046733      -167.0476161      0.9402257617
      8   12.5      4    12     8    14       1s1/2p     1     1    -1      -157.5735694      -7.261396003      -164.8349654      0.9007807463
      8   12.5      4    12     8    14       0d3/2p     3     1    -1      -157.5735694      -4.661904798      -162.2354742      0.8717326276
      8   12.5      4    12     8    14       1d5/2p     5     1    -1      -157.5735694       2.263498512      -155.3100708     0.08438004658
      8   12.5      4    12     8    14       1d3/2p     3     1    -1      -157.5735694       2.931100042      -154.6424693     0.04563175335
      8   12.5      4    12     8    14       2s1/2p     1     1    -1      -157.5735694        5.04014994      -152.5334194     0.09274051302
      8   12.5      4    12     8    14       1p3/2p     3    -1    -1      -157.5735694       8.583831745      -148.9897376       0.901907066
      8   12.5      4    12     8    14       1p1/2p     1    -1    -1      -157.5735694       9.209852324       -148.363717      0.8892058517
      8   12.5      4    12     8    14       2p3/2p     3    -1    -1      -157.5735694       14.44628023      -143.1272891     0.04789798276
      8   12.5      4    12     8    14       2p1/2p     1    -1    -1      -157.5735694       14.99081597      -142.5827534      0.2563856312
     12  14.33      4    12     8    14       0d5/2p     5     1    -1      -161.8554486      -9.473528805      -171.3289774      0.9434459361
     12  14.33      4    12     8    14       1s1/2p     1     1    -1      -161.8554486      -6.734666506      -168.5901151      0.9031550492
     12  14.33      4    12     8    14       0d3/2p     3     1    -1      -161.8554486       -4.57624007      -166.4316886      0.8844162153
     12  14.33      4    12     8    14       1d5/2p     5     1    -1      -161.8554486       3.786404912      -158.0690437     0.09211650754
     12  14.33      4    12     8    14       1d3/2p     3     1    -1      -161.8554486       4.482143042      -157.3733055     0.06786619478
     12  14.33      4    12     8    14       2s1/2p     1     1    -1      -161.8554486       6.328165311      -155.5272833     0.07777951429
     12  14.33      4    12     8    14       1p3/2p     3    -1    -1      -161.8554486       9.184513276      -152.6709353      0.9015093946
     12  14.33      4    12     8    14       1p1/2p     1    -1    -1      -161.8554486       9.903885038      -151.9515635       0.889187497
     12  14.33      4    12     8    14       2p3/2p     3    -1    -1      -161.8554486       16.05431063      -145.8011379      0.0322552787
     12  14.33      4    12     8    14       2p1/2p     1    -1    -1      -161.8554486       16.16831067      -145.6871379      0.2812745028
     16   14.4      4    12     8    14       0d5/2p     5     1    -1      -161.8634261      -9.564787915       -171.428214      0.9435432098
     16   14.4      4    12     8    14       1s1/2p     1     1    -1      -161.8634261      -6.776576644      -168.6400027      0.9031772048
     16   14.4      4    12     8    14       0d3/2p     3     1    -1      -161.8634261      -4.626731712      -166.4901578      0.8848257954
     16   14.4      4    12     8    14       1d5/2p     5     1    -1      -161.8634261       3.872723637      -157.9907025     0.09179702501
     16   14.4      4    12     8    14       1d3/2p     3     1    -1      -161.8634261       4.570868255      -157.2925578     0.06777920529
     16   14.4      4    12     8    14       2s1/2p     1     1    -1      -161.8634261       6.411426743      -155.4519993     0.07634812818
     16   14.4      4    12     8    14       1p3/2p     3    -1    -1      -161.8634261         9.3234815      -152.5399446      0.8996213877
     16   14.4      4    12     8    14       1p1/2p     1    -1    -1      -161.8634261       10.10333399      -151.7600921      0.8853440547
     16   14.4      4    12     8    14       2p3/2p     3    -1    -1      -161.8634261       16.24186179      -145.6215643     0.01876650025
     16   14.4      4    12     8    14       2p1/2p     1    -1    -1      -161.8634261       16.41374395      -145.4496821      0.2528797567
     20   15.6      4    12     8    14       0d5/2p     5     1    -1      -161.6667827      -9.278317588      -170.9451003      0.9447004523
     20   15.6      4    12     8    14       1s1/2p     1     1    -1      -161.6667827      -6.423461089      -168.0902438      0.9038151598
     20   15.6      4    12     8    14       0d3/2p     3     1    -1      -161.6667827      -4.268462136      -165.9352449      0.8866193283
     20   15.6      4    12     8    14       1d5/2p     5     1    -1      -161.6667827       4.344448095      -157.3223346     0.09529916628
     20   15.6      4    12     8    14       1d3/2p     3     1    -1      -161.6667827       5.071124007      -156.5956587     0.07420946532
     20   15.6      4    12     8    14       2s1/2p     1     1    -1      -161.6667827       6.913883339      -154.7528994     0.07662446488
     20   15.6      4    12     8    14       1p3/2p     3    -1    -1      -161.6667827       10.19732935      -151.4694534      0.8922595804
     20   15.6      4    12     8    14       1p1/2p     1    -1    -1      -161.6667827       11.08145212      -150.5853306      0.8737276852
     20   15.6      4    12     8    14       2p3/2p     3    -1    -1      -161.6667827       17.16549922      -144.5012835     0.03628953956
     20   15.6      4    12     8    14       2p1/2p     1    -1    -1      -161.6667827       17.31806137      -144.3487214       0.246241445
     24  16.45      4    12     8    14       0d5/2p     5     1    -1      -161.5352027      -9.088897038      -170.6240997      0.9455799695
     24  16.45      4    12     8    14       1s1/2p     1     1    -1      -161.5352027      -6.158729409      -167.6939321      0.9042085099
     24  16.45      4    12     8    14       0d3/2p     3     1    -1      -161.5352027      -4.008560175      -165.5437629      0.8879566883
     24  16.45      4    12     8    14       1d5/2p     5     1    -1      -161.5352027        4.74419583      -156.7910069     0.09743330955
     24  16.45      4    12     8    14       1d3/2p     3     1    -1      -161.5352027       5.492489934      -156.0427128     0.07810491047
     24  16.45      4    12     8    14       2s1/2p     1     1    -1      -161.5352027       7.342611585      -154.1925911     0.07632559205
     24  16.45      4    12     8    14       1p3/2p     3    -1    -1      -161.5352027       11.17911395      -150.3560888      0.8827560893
     24  16.45      4    12     8    14       1p1/2p     1    -1    -1      -161.5352027       12.14309722      -149.3921055      0.8575410976
     24  16.45      4    12     8    14       2p3/2p     3    -1    -1      -161.5352027       17.88774929      -143.6474534     0.07418509304
     24  16.45      4    12     8    14       2p1/2p     1    -1    -1      -161.5352027       18.16951987      -143.3656828      0.2626531896
     28  17.28      4    12     8    14       0d5/2p     5     1    -1      -161.2567493      -8.924653822      -170.1814031      0.9465302594
     28  17.28      4    12     8    14       1s1/2p     1     1    -1      -161.2567493      -5.867640397      -167.1243897      0.9044370642
     28  17.28      4    12     8    14       0d3/2p     3     1    -1      -161.2567493      -3.746657476      -165.0034068      0.8893498903
     28  17.28      4    12     8    14       1d5/2p     5     1    -1      -161.2567493        5.22625623      -156.0304931     0.09948293728
     28  17.28      4    12     8    14       1d3/2p     3     1    -1      -161.2567493       5.997970241      -155.2587791      0.0819502942
     28  17.28      4    12     8    14       2s1/2p     1     1    -1      -161.2567493       7.856337496      -153.4004118     0.07547441461
     28  17.28      4    12     8    14       1p3/2p     3    -1    -1      -161.2567493       12.34303777      -148.9137115      0.8705557506
     28  17.28      4    12     8    14       0f7/2p     7    -1    -1      -161.2567493       13.25181614      -148.0049332      0.8436549462
     28  17.28      4    12     8    14       1f7/2p     7    -1    -1      -161.2567493        18.1761726      -143.0805767     0.06298667491
     28  17.28      4    12     8    14       2p3/2p     3    -1    -1      -161.2567493       18.66472736      -142.5920219      0.1000367588