      8  11.98      0    12     8    14       0p1/2p     1    -1    -1      -156.8809306       29.77522294      -127.1057076      0.9592941929
      8  11.98      0    12     8    14       0p3/2p     3    -1    -1      -156.8809306       34.77865581      -122.1022747      0.7672684578
      8  11.98      0    12     8    14       0s1/2p     1     1    -1      -156.8809306        37.6896112      -119.1913193      0.2886406713
      8  11.98      0    12     8    14       1p3/2p     3    -1    -1      -156.8809306       38.60457487      -118.2763557      0.5181280216
      8  11.98      0    12     8    14       1s1/2p     1     1    -1      -156.8809306       43.25873822      -113.6221923      0.2598523609
      8  11.98      0    12     8    14       1p1/2p     1    -1    -1      -156.8809306       43.30321291      -113.5777176      0.0229658919
     12  13.88      0    12     8    14       0p1/2p     1    -1    -1      -160.4023671       29.50776739      -130.8945997      0.9591738495
     12  13.88      0    12     8    14       0p3/2p     3    -1    -1      -160.4023671       34.84545402      -125.5569131      0.8162135066
     12  13.88      0    12     8    14       0s1/2p     1     1    -1      -160.4023671       38.27589233      -122.1264748      0.3078645819
     12  13.88      0    12     8    14       1p3/2p     3    -1    -1      -160.4023671       38.74235171      -121.6600154      0.4486043916
     12  13.88      0    12     8    14       1p1/2p     1    -1    -1      -160.4023671       43.17862766      -117.2237394     0.02580398218
     12  13.88      0    12     8    14       1s1/2p     1     1    -1      -160.4023671       43.38091513       -117.021452      0.2840779501
     16     15      0    12     8    14       0p1/2p     1    -1    -1      -160.3203718       29.49450725      -130.8258645      0.9592783237
     16     15      0    12     8    14       0p3/2p     3    -1    -1      -160.3203718       34.89903005      -125.4213417      0.8211945154
     16     15      0    12     8    14       0s1/2p     1     1    -1      -160.3203718       38.36151512      -121.9588567      0.3143231997
     16     15      0    12     8    14       1p3/2p     3    -1    -1      -160.3203718       38.91338173        -121.40699      0.4437820266
     16     15      0    12     8    14       1p1/2p     1    -1    -1      -160.3203718       43.47587613      -116.8444956     0.02739754968
     16     15      0    12     8    14       1s1/2p     1     1    -1      -160.3203718       43.83121749      -116.4891543      0.3882925538
     20  15.05      0    12     8    14       0p1/2p     1    -1    -1       -159.841241       29.51967284      -130.3215682      0.9598209532
     20  15.05      0    12     8    14       0p3/2p     3    -1    -1       -159.841241        34.9173075      -124.9239335      0.8263506942
     20  15.05      0    12     8    14       0s1/2p     1     1    -1       -159.841241        38.4082252      -121.4330158      0.3190238669
     20  15.05      0    12     8    14       1p3/2p     3    -1    -1       -159.841241       39.15908593      -120.6821551      0.4400216116
     20  15.05      0    12     8    14       1p1/2p     1    -1    -1       -159.841241        43.8495238      -115.9917172     0.02796992062
     20  15.05      0    12     8    14       1s1/2p     1     1    -1       -159.841241       43.96685887      -115.8743821      0.3901069555
     24   15.9      0    12     8    14       0p1/2p     1    -1    -1      -159.5420947       29.63619499      -129.9058997       0.960592712
     24   15.9      0    12     8    14       0p3/2p     3    -1    -1      -159.5420947       35.04417037      -124.4979243      0.8331993783
     24   15.9      0    12     8    14       0s1/2p     1     1    -1      -159.5420947        38.5805523      -120.9615424      0.3244481167
     24   15.9      0    12     8    14       1p3/2p     3    -1    -1      -159.5420947       39.57923093      -119.9628637      0.4323986547
     24   15.9      0    12     8    14       1s1/2p     1     1    -1      -159.5420947        44.1657861      -115.3763086      0.3858536416
     24   15.9      0    12     8    14       1p1/2p     1    -1    -1      -159.5420947       44.32178303      -115.2203116     0.02806840667
     28  16.75      0    12     8    14       0p1/2p     1    -1    -1      -159.1243504       29.82128543       -129.303065      0.9614338493
     28  16.75      0    12     8    14       0p3/2p     3    -1    -1      -159.1243504       35.26255467      -123.8617957      0.8418901539
     28  16.75      0    12     8    14       0s1/2p     1     1    -1      -159.1243504       38.84921335       -120.275137      0.3304664611
     28  16.75      0    12     8    14       1p3/2p     3    -1    -1      -159.1243504         40.158731      -118.9656194       0.420280697
     28  16.75      0    12     8    14       1s1/2p     1     1    -1      -159.1243504       44.45956132      -114.6647891      0.3842897328
     28  16.75      0    12     8    14       1p1/2p     1    -1    -1      -159.1243504       44.87449984      -114.2498506     0.02840660998
      8  11.98      1    12     8    14       0p1/2p     1    -1    -1      -155.7848588       28.85445625      -126.9304026      0.9605058683
      8  11.98      1    12     8    14       0p3/2p     3    -1    -1      -155.7848588       33.78556423      -121.9992946       0.778830756
      8  11.98      1    12     8    14       1p3/2p     3    -1    -1      -155.7848588       37.91652245      -117.8683364      0.5113498644
      8  11.98      1    12     8    14       1p1/2p     1    -1    -1      -155.7848588       42.93292343      -112.8519354     0.02116389209
      8  11.98      1    12     8    14       0s1/2p     1     1    -1      -155.7848588       44.11818847      -111.6666704      0.1402393049
      8  11.98      1    12     8    14       1s1/2p     1     1    -1      -155.7848588       48.68105703      -107.1038018      0.3401163597
     12  13.88      1    12     8    14       0p1/2p     1    -1    -1      -159.3027812       28.59807441      -130.7047068       0.960746096
     12  13.88      1    12     8    14       0p3/2p     3    -1    -1      -159.3027812       33.91200994      -125.3907713      0.8305676507
     12  13.88      1    12     8    14       1p3/2p     3    -1    -1      -159.3027812       38.31699295      -120.9857882      0.4347301462
     12  13.88      1    12     8    14       1p1/2p     1    -1    -1      -159.3027812       43.01948147      -116.2832997     0.02519561648
     12  13.88      1    12     8    14       0s1/2p     1     1    -1      -159.3027812       44.86007204      -114.4427091      0.1677089633
     12  13.88      1    12     8    14       1s1/2p     1     1    -1      -159.3027812       50.58246344      -108.7203178      0.4290043169
     16     15      1    12     8    14       0p1/2p     1    -1    -1      -159.1570381       28.54388944      -130.6131487      0.9608924358
     16     15      1    12     8    14       0p3/2p     3    -1    -1      -159.1570381       33.96193166      -125.1951065      0.8377871788
     16     15      1    12     8    14       1p3/2p     3    -1    -1      -159.1570381       38.50895528      -120.6480829      0.4232836931
     16     15      1    12     8    14       1p1/2p     1    -1    -1      -159.1570381       43.23317216       -115.923866      0.0263163861
     16     15      1    12     8    14       0s1/2p     1     1    -1      -159.1570381       45.67504758      -113.4819906      0.1983236419
     16     15      1    12     8    14       1s1/2p     1     1    -1      -159.1570381        51.4839377      -107.6731004      0.5056942357
     20  15.05      1    12     8    14       0p1/2p     1    -1    -1      -158.6903998       28.53784315      -130.1525566       0.961141668
     20  15.05      1    12     8    14       0p3/2p     3    -1    -1      -158.6903998        33.9446774      -124.7457224      0.8395139021
     20  15.05      1    12     8    14       1p3/2p     3    -1    -1      -158.6903998       38.59845268      -120.0919471      0.4221783942
     20  15.05      1    12     8    14       1p1/2p     1    -1    -1      -158.6903998        43.3506578       -115.339742     0.02615379129
     20  15.05      1    12     8    14       0s1/2p     1     1    -1      -158.6903998       46.56974894      -112.1206508      0.2334492337
     20  15.05      1    12     8    14       1s1/2p     1     1    -1      -158.6903998       51.69439951      -106.9960002      0.5095350607
     24   15.9      1    12     8    14       0p1/2p     1    -1    -1      -158.3203045        28.5893409      -129.7309636      0.9617361065
     24   15.9      1    12     8    14       0p3/2p     3    -1    -1      -158.3203045       34.03072241      -124.2895821      0.8452414391
     24   15.9      1    12     8    14       1p3/2p     3    -1    -1      -158.3203045       38.92263812      -119.3976663      0.4143330144
     24   15.9      1    12     8    14       1p1/2p     1    -1    -1      -158.3203045       43.67046884      -114.6498356     0.02631141239
     24   15.9      1    12     8    14       0s1/2p     1     1    -1      -158.3203045       47.93354687      -110.3867576       0.288127325
     24   15.9      1    12     8    14       1s1/2p     1     1    -1      -158.3203045       52.50933009      -105.8109744      0.5232977417
     28  16.75      1    12     8    14       0p1/2p     1    -1    -1      -157.8200161       28.70378824      -129.1162279      0.9624240509
     28  16.75      1    12     8    14       0p3/2p     3    -1    -1      -157.8200161       34.19877854      -123.6212376      0.8524745933
     28  16.75      1    12     8    14       1p3/2p     3    -1    -1      -157.8200161       39.40689247      -118.4131237      0.4031864125
     28  16.75      1    12     8    14       1p1/2p     1    -1    -1      -157.8200161       44.09846519       -113.721551     0.02696721127
     28  16.75      1    12     8    14       0s1/2p     1     1    -1      -157.8200161       49.42654661      -108.3934695      0.3586826498
     28  16.75      1    12     8    14       1s1/2p     1     1    -1      -157.8200161       53.42724028      -104.3927759      0.5008392088
      8  11.98      4    12     8    14       0p1/2p     1    -1    -1      -152.8130611       26.25011777      -126.5629433      0.9631251052
      8  11.98      4    12     8    14       0p3/2p     3    -1    -1      -152.8130611       31.09046281      -121.7225983      0.8059545019
      8  11.98      4    12     8    14       1p3/2p     3    -1    -1      -152.8130611       35.73788661      -117.0751745      0.4840455862
      8  11.98      4    12     8    14       1p1/2p     1    -1    -1      -152.8130611       41.01702615       -111.796035     0.01273768045
      8  11.98      4    12     8    14       0s1/2p     1     1    -1      -152.8130611        44.5022883      -108.3107728      0.2258775265
      8  11.98      4    12     8    14       1s1/2p     1     1    -1      -152.8130611        50.5882942      -102.2247669      0.3714975711
     12  13.88      4    12     8    14       0p1/2p     1    -1    -1      -156.1384978       25.74467771      -130.3938201      0.9633776443
     12  13.88      4    12     8    14       0p3/2p     3    -1    -1      -156.1384978       31.00378266      -125.1347151      0.8490403339
     12  13.88      4    12     8    14       1p3/2p     3    -1    -1      -156.1384978       36.08866257      -120.0498352       0.412889417
     12  13.88      4    12     8    14       1p1/2p     1    -1    -1      -156.1384978        40.8788814      -115.2596164     0.02040607786
     12  13.88      4    12     8    14       0s1/2p     1     1    -1      -156.1384978       45.40310525      -110.7353925      0.2735439947
     12  13.88      4    12     8    14       1s1/2p     1     1    -1      -156.1384978       50.81127525      -105.3272225      0.4070159681
     16     15      4    12     8    14       0p1/2p     1    -1    -1      -155.7880984       25.49302685      -130.2950716      0.9635911355
     16     15      4    12     8    14       0p3/2p     3    -1    -1      -155.7880984       30.90252116      -124.8855772      0.8570790796
     16     15      4    12     8    14       1p3/2p     3    -1    -1      -155.7880984       36.18095458      -119.6071438      0.3977104682
     16     15      4    12     8    14       1p1/2p     1    -1    -1      -155.7880984       40.91207202      -114.8760264     0.02269382737
     16     15      4    12     8    14       0s1/2p     1     1    -1      -155.7880984       45.83828871      -109.9498097      0.2988784244
     16     15      4    12     8    14       1s1/2p     1     1    -1      -155.7880984        50.9581769      -104.8299215       0.402772125
     20  15.05      4    12     8    14       0p1/2p     1    -1    -1      -155.3354625        25.4537619      -129.8817006      0.9636349992
     20  15.05      4    12     8    14       0p3/2p     3    -1    -1      -155.3354625       30.85388925      -124.4815732      0.8573098757
     20  15.05      4    12     8    14       1p3/2p     3    -1    -1      -155.3354625       36.15928617      -119.1761763      0.3975805013
     20  15.05      4    12     8    14       1p1/2p     1    -1    -1      -155.3354625       40.88319073      -114.4522717     0.02256129758
     20  15.05      4    12     8    14       0s1/2p     1     1    -1      -155.3354625       46.05980526      -109.2756572      0.3094364664
     20  15.05      4    12     8    14       1s1/2p     1     1    -1      -155.3354625       51.03954648       -104.295916      0.3954267148
     24   15.9      4    12     8    14       0p1/2p     1    -1    -1      -154.7689914       25.31595805      -129.4530333      0.9640569953
     24   15.9      4    12     8    14       0p3/2p     3    -1    -1      -154.7689914       30.78926684      -123.9797246      0.8621363993
     24   15.9      4    12     8    14       1p3/2p     3    -1    -1      -154.7689914       36.28403283      -118.4849586      0.3890206011
     24   15.9      4    12     8    14       1p1/2p     1    -1    -1      -154.7689914       40.95541813      -113.8135733     0.02353587293
     24   15.9      4    12     8    14       0s1/2p     1     1    -1      -154.7689914       46.74320121      -108.0257902      0.3378365434
     24   15.9      4    12     8    14       1s1/2p     1     1    -1      -154.7689914       51.34013047      -103.4288609      0.3750083415
     28  16.75      4    12     8    14       0p1/2p     1    -1    -1      -154.0572621       25.23449781      -128.8227643      0.9645751416
     28  16.75      4    12     8    14       0p3/2p     3    -1    -1      -154.0572621       30.79675823      -123.2605038      0.8678670425
     28  16.75      4    12     8    14       1p3/2p     3    -1    -1      -154.0572621       36.55406567      -117.5031964      0.3786505063
     28  16.75      4    12     8    14       1p1/2p     1    -1    -1      -154.0572621        41.1458527      -112.9114094     0.02492261599
     28  16.75      4    12     8    14       0s1/2p     1     1    -1      -154.0572621       47.60084212        -106.45642      0.3702796291
     28  16.75      4    12     8    14       1s1/2p     1     1    -1      -154.0572621       51.77832166      -102.2789404      0.3484450274