      8  12.36      0    12     8     8       0p1/2p     1    -1    -1      -127.8125653        14.0303853        -113.78218      0.9777575117
      8  12.36      0    12     8     8       0s1/2p     1     1    -1      -127.8125653       21.24310575      -106.5694595      0.3383386398
      8  12.36      0    12     8     8       0p3/2p     3    -1    -1      -127.8125653       23.87144625       -103.941119       0.963873893
      8  12.36      0    12     8     8       1s1/2p     1     1    -1      -127.8125653       30.89950025        -96.913065      0.4240821391
      8  12.36      0    12     8     8       1p3/2p     3    -1    -1      -127.8125653       38.53326051      -89.27930474    0.005330662333
      8  12.36      0    12     8     8       1p1/2p     1    -1    -1      -127.8125653       38.59471922      -89.21784603    0.001762778782
     12  14.07      0    12     8     8       0p1/2p     1    -1    -1      -130.2499457       14.05799664      -116.1919491      0.9761197524
     12  14.07      0    12     8     8       0s1/2p     1     1    -1      -130.2499457       22.10772405      -108.1422217      0.3548011018
     12  14.07      0    12     8     8       0p3/2p     3    -1    -1      -130.2499457       23.87947528      -106.3704705      0.9652981914
     12  14.07      0    12     8     8       1s1/2p     1     1    -1      -130.2499457       31.41274044       -98.8372053      0.4290061176
     12  14.07      0    12     8     8       1p3/2p     3    -1    -1      -130.2499457       39.35978931      -90.89015643    0.007052956777
     12  14.07      0    12     8     8       1p1/2p     1    -1    -1      -130.2499457        39.4449198      -90.80502594    0.004524043305
     16  15.14      0    12     8     8       0p1/2p     1    -1    -1      -130.0054175       14.01980455       -115.985613      0.9759363368
     16  15.14      0    12     8     8       0s1/2p     1     1    -1      -130.0054175        22.0893169      -107.9161006      0.3569214843
     16  15.14      0    12     8     8       0p3/2p     3    -1    -1      -130.0054175       23.86150859       -106.143909      0.9652971744
     16  15.14      0    12     8     8       1s1/2p     1     1    -1      -130.0054175       31.38701888      -98.61839867       0.430315639
     16  15.14      0    12     8     8       1p3/2p     3    -1    -1      -130.0054175       40.59505728      -89.41036026    0.008778752291
     16  15.14      0    12     8     8       1p1/2p     1    -1    -1      -130.0054175       40.73851789      -89.26689965    0.006160268393
     20  15.84      0    12     8     8       0p1/2p     1    -1    -1      -129.7658864       13.99910179      -115.7667847      0.9759280829
     20  15.84      0    12     8     8       0s1/2p     1     1    -1      -129.7658864       22.04910374      -107.7167827      0.3568854768
     20  15.84      0    12     8     8       0p3/2p     3    -1    -1      -129.7658864       23.83319323      -105.9326932      0.9655157122
     20  15.84      0    12     8     8       1s1/2p     1     1    -1      -129.7658864       31.34204358      -98.42384286      0.4309154597
     20  15.84      0    12     8     8       1p3/2p     3    -1    -1      -129.7658864        42.1540226      -87.61186384     0.01104308383
     20  15.84      0    12     8     8       1p1/2p     1    -1    -1      -129.7658864       42.29071095      -87.47517548    0.007535490206
     24  16.53      0    12     8     8       0p1/2p     1    -1    -1       -129.695627       13.99434289      -115.7012841      0.9759730661
     24  16.53      0    12     8     8       0s1/2p     1     1    -1       -129.695627       22.04391515      -107.6517119      0.3570286935
     24  16.53      0    12     8     8       0p3/2p     3    -1    -1       -129.695627         23.848215       -105.847412       0.965971439
     24  16.53      0    12     8     8       1s1/2p     1     1    -1       -129.695627       31.35271008      -98.34291694      0.4320636149
     24  16.53      0    12     8     8       1p1/2p     1    -1    -1       -129.695627       43.72727717      -85.96834986    0.008804708586
     24  16.53      0    12     8     8       1p3/2p     3    -1    -1       -129.695627       43.89567764      -85.79994939      0.0142811505
     28  17.17      0    12     8     8       0p1/2p     1    -1    -1       -129.608423       13.99082501      -115.6175979      0.9760519997
     28  17.17      0    12     8     8       0s1/2p     1     1    -1       -129.608423       22.04786578      -107.5605572      0.3573964914
     28  17.17      0    12     8     8       0p3/2p     3    -1    -1       -129.608423       23.89186175      -105.7165612      0.9666206888
     28  17.17      0    12     8     8       1s1/2p     1     1    -1       -129.608423       31.39363092      -98.21479203      0.4337866604
     28  17.17      0    12     8     8       1p1/2p     1    -1    -1       -129.608423       44.96528939      -84.64313356     0.01283651802
     28  17.17      0    12     8     8       1p3/2p     3    -1    -1       -129.608423       45.76741025       -83.8410127     0.02179230078
      8  12.36      1    12     8     8       0p1/2p     1    -1    -1      -126.3618702       12.75607784      -113.6057923      0.9779169319
      8  12.36      1    12     8     8       0p3/2p     3    -1    -1      -126.3618702       22.45968217       -103.902188       0.965539061
      8  12.36      1    12     8     8       0s1/2p     1     1    -1      -126.3618702       31.49311286       -94.8687573      0.2879206596
      8  12.36      1    12     8     8       1s1/2p     1     1    -1      -126.3618702        32.6727629      -93.68910726      0.3180032604
      8  12.36      1    12     8     8       1p1/2p     1    -1    -1      -126.3618702       40.90381444      -85.45805571    0.004531136709
      8  12.36      1    12     8     8       1p3/2p     3    -1    -1      -126.3618702       40.91959158      -85.44227857    0.008734265254
     12  14.07      1    12     8     8       0p1/2p     1    -1    -1       -128.782159       12.64082612      -116.1413329      0.9765919837
     12  14.07      1    12     8     8       0p3/2p     3    -1    -1       -128.782159        22.4014902      -106.3806688      0.9671870207
     12  14.07      1    12     8     8       0s1/2p     1     1    -1       -128.782159       32.33080518      -96.45135387      0.2675919569
     12  14.07      1    12     8     8       1s1/2p     1     1    -1       -128.782159       34.09955511      -94.68260394      0.1180390389
     12  14.07      1    12     8     8       1p1/2p     1    -1    -1       -128.782159       42.36779197      -86.41436708    0.005353227976
     12  14.07      1    12     8     8       1p3/2p     3    -1    -1       -128.782159       42.39349229      -86.38866676     0.01205817685
     16  15.14      1    12     8     8       0p1/2p     1    -1    -1       -128.463134       12.49872914      -115.9644048      0.9764574613
     16  15.14      1    12     8     8       0p3/2p     3    -1    -1       -128.463134       22.32276782      -106.1403662      0.9673565411
     16  15.14      1    12     8     8       0s1/2p     1     1    -1       -128.463134       32.34414966      -96.11898431      0.2570616771
     16  15.14      1    12     8     8       1s1/2p     1     1    -1       -128.463134       34.16777512      -94.29535885     0.08436373007
     16  15.14      1    12     8     8       1p1/2p     1    -1    -1       -128.463134       43.21013246      -85.25300151    0.007389715172
     16  15.14      1    12     8     8       1p3/2p     3    -1    -1       -128.463134       43.43044153      -85.03269244     0.01356254055
     20  15.84      1    12     8     8       0p1/2p     1    -1    -1      -128.1469524       12.40837046       -115.738582      0.9764520004
     20  15.84      1    12     8     8       0p3/2p     3    -1    -1      -128.1469524       22.25317522      -105.8937772      0.9675622018
     20  15.84      1    12     8     8       0s1/2p     1     1    -1      -128.1469524       32.34653575      -95.80041669      0.2514977881
     20  15.84      1    12     8     8       1s1/2p     1     1    -1      -128.1469524       34.23573032      -93.91122212     0.07993686444
     20  15.84      1    12     8     8       1p1/2p     1    -1    -1      -128.1469524       43.98177694       -84.1651755     0.01042479639
     20  15.84      1    12     8     8       1p3/2p     3    -1    -1      -128.1469524       44.67711762      -83.46983482     0.01640427445
     24  16.53      1    12     8     8       0p1/2p     1    -1    -1       -127.986242       12.33395223      -115.6522898      0.9764820281
     24  16.53      1    12     8     8       0p3/2p     3    -1    -1       -127.986242       22.22251765      -105.7637243      0.9679081135
     24  16.53      1    12     8     8       0s1/2p     1     1    -1       -127.986242       32.42850513      -95.55773684       0.247922583
     24  16.53      1    12     8     8       1s1/2p     1     1    -1       -127.986242       34.39833774      -93.58790424     0.08099929682
     24  16.53      1    12     8     8       1p1/2p     1    -1    -1       -127.986242       44.83251615      -83.15372583     0.01452549017
     24  16.53      1    12     8     8       1p3/2p     3    -1    -1       -127.986242       46.23774658       -81.7484954     0.02175550115
     28  17.17      1    12     8     8       0p1/2p     1    -1    -1      -127.8076639       12.26464173      -115.5430222      0.9765358781
     28  17.17      1    12     8     8       0p3/2p     3    -1    -1      -127.8076639       22.21805422      -105.5896097      0.9683850492
     28  17.17      1    12     8     8       0s1/2p     1     1    -1      -127.8076639       32.57723801       -95.2304259      0.2462508363
     28  17.17      1    12     8     8       1s1/2p     1     1    -1      -127.8076639       34.65128546      -93.15637845     0.08502623483
     28  17.17      1    12     8     8       1p1/2p     1    -1    -1      -127.8076639       45.76431857      -82.04334533     0.01899867146
     28  17.17      1    12     8     8       1p3/2p     3    -1    -1      -127.8076639       47.98433668      -79.82332723     0.03167650651
      8  12.36      4    12     8     8       0p1/2p     1    -1    -1      -122.2897507       9.067559221      -113.2221915      0.9785210423
      8  12.36      4    12     8     8       0p3/2p     3    -1    -1      -122.2897507       18.53482695      -103.7549238      0.9693512612
      8  12.36      4    12     8     8       0s1/2p     1     1    -1      -122.2897507       28.24164314      -94.04810761      0.1980815526
      8  12.36      4    12     8     8       1s1/2p     1     1    -1      -122.2897507       30.58862887      -91.70112188     0.03326040469
      8  12.36      4    12     8     8       1p1/2p     1    -1    -1      -122.2897507        42.0014389      -80.28831185      0.0103236163
      8  12.36      4    12     8     8       1p3/2p     3    -1    -1      -122.2897507       45.88042108      -76.40932967     0.03819804286
     12  14.07      4    12     8     8       0p1/2p     1    -1    -1      -124.4572699       8.430577261      -116.0266926      0.9777357826
     12  14.07      4    12     8     8       0p3/2p     3    -1    -1      -124.4572699       18.08871968      -106.3685502      0.9707236586
     12  14.07      4    12     8     8       0s1/2p     1     1    -1      -124.4572699        28.5130934      -95.94417646      0.2059935249
     12  14.07      4    12     8     8       1s1/2p     1     1    -1      -124.4572699       30.84882184      -93.60844802     0.04528102628
     12  14.07      4    12     8     8       1p1/2p     1    -1    -1      -124.4572699       43.63128342      -80.82598643     0.02005454656
     12  14.07      4    12     8     8       1p3/2p     3    -1    -1      -124.4572699       48.01784175       -76.4394281      0.0326843167
     16  15.14      4    12     8     8       0p1/2p     1    -1    -1      -123.8674258       7.952238447      -115.9151873      0.9777181954
     16  15.14      4    12     8     8       0p3/2p     3    -1    -1      -123.8674258       17.73597918      -106.1314466      0.9710151257
     16  15.14      4    12     8     8       0s1/2p     1     1    -1      -123.8674258        28.2350293      -95.63239645        0.20600588
     16  15.14      4    12     8     8       1s1/2p     1     1    -1      -123.8674258       30.60277376      -93.26465199     0.05215982569
     16  15.14      4    12     8     8       1p1/2p     1    -1    -1      -123.8674258       43.92400583      -79.94341992     0.02283719556
     16  15.14      4    12     8     8       1p3/2p     3    -1    -1      -123.8674258       48.93282285       -74.9346029      0.0181377723
     20  15.84      4    12     8     8       0p1/2p     1    -1    -1       -123.333243       7.641513301      -115.6917297      0.9777565585
     20  15.84      4    12     8     8       0p3/2p     3    -1    -1       -123.333243       17.48639942      -105.8468436        0.97123835
     20  15.84      4    12     8     8       0s1/2p     1     1    -1       -123.333243       28.04372125      -95.28952172      0.2051693663
     20  15.84      4    12     8     8       1s1/2p     1     1    -1       -123.333243       30.44261459      -92.89062838      0.0562931134
     20  15.84      4    12     8     8       1p1/2p     1    -1    -1       -123.333243       44.13072769      -79.20251529     0.02459975034
     20  15.84      4    12     8     8       1p3/2p     3    -1    -1       -123.333243       49.56104779      -73.77219518    0.009663892778
     24  16.53      4    12     8     8       0p1/2p     1    -1    -1      -122.9406227       7.351559162      -115.5890635      0.9778078371
     24  16.53      4    12     8     8       0p3/2p     3    -1    -1      -122.9406227       17.27577074      -105.6648519      0.9715159835
     24  16.53      4    12     8     8       0s1/2p     1     1    -1      -122.9406227       27.92530674      -95.01531592       0.204205092
     24  16.53      4    12     8     8       1s1/2p     1     1    -1      -122.9406227       30.35416957      -92.58645309     0.06035765457
     24  16.53      4    12     8     8       1p1/2p     1    -1    -1      -122.9406227       44.49518818      -78.44543447     0.02680197895
     24  16.53      4    12     8     8       1p3/2p     3    -1    -1      -122.9406227       50.28307879      -72.65754387     0.02615088971
     28  17.17      4    12     8     8       0p1/2p     1    -1    -1      -122.5373927        7.08269854      -115.4546942      0.9778645314
     28  17.17      4    12     8     8       0p3/2p     3    -1    -1      -122.5373927       17.10079527      -105.4365975      0.9718532777
     28  17.17      4    12     8     8       0s1/2p     1     1    -1      -122.5373927       27.87602033      -94.66137241      0.2031575565
     28  17.17      4    12     8     8       1s1/2p     1     1    -1      -122.5373927       30.34442379      -92.19296895     0.06443219357
     28  17.17      4    12     8     8       1p1/2p     1    -1    -1      -122.5373927       45.01994855      -77.51744419     0.02936629968
     28  17.17      4    12     8     8       1p3/2p     3    -1    -1      -122.5373927       50.98299252      -71.55440022     0.05243801866